麻雀の10卓40人13回戦（総当たり戦）の卓組
（縦軸がプレイヤー、横軸が対戦、成分が卓番号(0~9)）

0	0	0	0	0	0	0	0	0	0	0	0	0	
0	8	3	9	7	2	1	1	2	7	9	3	8	
8	0	8	3	9	7	2	1	1	2	7	9	3	
3	8	0	8	3	9	7	2	1	1	2	7	9	
9	3	8	0	8	3	9	7	2	1	1	2	7	
7	9	3	8	0	8	3	9	7	2	1	1	2	
2	7	9	3	8	0	8	3	9	7	2	1	1	
1	2	7	9	3	8	0	8	3	9	7	2	1	
1	1	2	7	9	3	8	0	8	3	9	7	2	
2	1	1	2	7	9	3	8	0	8	3	9	7	
7	2	1	1	2	7	9	3	8	0	8	3	9	
9	7	2	1	1	2	7	9	3	8	0	8	3	
3	9	7	2	1	1	2	7	9	3	8	0	8	
8	3	9	7	2	1	1	2	7	9	3	8	0	
0	4	2	5	6	1	3	3	1	6	5	2	4	
4	0	4	2	5	6	1	3	3	1	6	5	2	
2	4	0	4	2	5	6	1	3	3	1	6	5	
5	2	4	0	4	2	5	6	1	3	3	1	6	
6	5	2	4	0	4	2	5	6	1	3	3	1	
1	6	5	2	4	0	4	2	5	6	1	3	3	
3	1	6	5	2	4	0	4	2	5	6	1	3	
3	3	1	6	5	2	4	0	4	2	5	6	1	
1	3	3	1	6	5	2	4	0	4	2	5	6	
6	1	3	3	1	6	5	2	4	0	4	2	5	
5	6	1	3	3	1	6	5	2	4	0	4	2	
2	5	6	1	3	3	1	6	5	2	4	0	4	
4	2	5	6	1	3	3	1	6	5	2	4	0	
0	6	9	4	5	8	7	7	8	5	4	9	6	
6	0	6	9	4	5	8	7	7	8	5	4	9	
9	6	0	6	9	4	5	8	7	7	8	5	4	
4	9	6	0	6	9	4	5	8	7	7	8	5	
5	4	9	6	0	6	9	4	5	8	7	7	8	
8	5	4	9	6	0	6	9	4	5	8	7	7	
7	8	5	4	9	6	0	6	9	4	5	8	7	
7	7	8	5	4	9	6	0	6	9	4	5	8	
8	7	7	8	5	4	9	6	0	6	9	4	5	
5	8	7	7	8	5	4	9	6	0	6	9	4	
4	5	8	7	7	8	5	4	9	6	0	6	9	
9	4	5	8	7	7	8	5	4	9	6	0	6	
6	9	4	5	8	7	7	8	5	4	9	6	0	
