1	1	1	1	1	1	1	1	1	1	1	1	1	1	1	1	1	1	1	1	1	
1	6	14	16	13	12	5	15	4	3	2	2	3	4	15	5	12	13	16	14	6	
6	1	6	14	16	13	12	5	15	4	3	2	2	3	4	15	5	12	13	16	14	
14	6	1	6	14	16	13	12	5	15	4	3	2	2	3	4	15	5	12	13	16	
16	14	6	1	6	14	16	13	12	5	15	4	3	2	2	3	4	15	5	12	13	
13	16	14	6	1	6	14	16	13	12	5	15	4	3	2	2	3	4	15	5	12	
12	13	16	14	6	1	6	14	16	13	12	5	15	4	3	2	2	3	4	15	5	
5	12	13	16	14	6	1	6	14	16	13	12	5	15	4	3	2	2	3	4	15	
15	5	12	13	16	14	6	1	6	14	16	13	12	5	15	4	3	2	2	3	4	
4	15	5	12	13	16	14	6	1	6	14	16	13	12	5	15	4	3	2	2	3	
3	4	15	5	12	13	16	14	6	1	6	14	16	13	12	5	15	4	3	2	2	
2	3	4	15	5	12	13	16	14	6	1	6	14	16	13	12	5	15	4	3	2	
2	2	3	4	15	5	12	13	16	14	6	1	6	14	16	13	12	5	15	4	3	
3	2	2	3	4	15	5	12	13	16	14	6	1	6	14	16	13	12	5	15	4	
4	3	2	2	3	4	15	5	12	13	16	14	6	1	6	14	16	13	12	5	15	
15	4	3	2	2	3	4	15	5	12	13	16	14	6	1	6	14	16	13	12	5	
5	15	4	3	2	2	3	4	15	5	12	13	16	14	6	1	6	14	16	13	12	
12	5	15	4	3	2	2	3	4	15	5	12	13	16	14	6	1	6	14	16	13	
13	12	5	15	4	3	2	2	3	4	15	5	12	13	16	14	6	1	6	14	16	
16	13	12	5	15	4	3	2	2	3	4	15	5	12	13	16	14	6	1	6	14	
14	16	13	12	5	15	4	3	2	2	3	4	15	5	12	13	16	14	6	1	6	
6	14	16	13	12	5	15	4	3	2	2	3	4	15	5	12	13	16	14	6	1	
1	11	5	4	10	9	3	8	6	2	7	7	2	6	8	3	9	10	4	5	11	
11	1	11	5	4	10	9	3	8	6	2	7	7	2	6	8	3	9	10	4	5	
5	11	1	11	5	4	10	9	3	8	6	2	7	7	2	6	8	3	9	10	4	
4	5	11	1	11	5	4	10	9	3	8	6	2	7	7	2	6	8	3	9	10	
10	4	5	11	1	11	5	4	10	9	3	8	6	2	7	7	2	6	8	3	9	
9	10	4	5	11	1	11	5	4	10	9	3	8	6	2	7	7	2	6	8	3	
3	9	10	4	5	11	1	11	5	4	10	9	3	8	6	2	7	7	2	6	8	
8	3	9	10	4	5	11	1	11	5	4	10	9	3	8	6	2	7	7	2	6	
6	8	3	9	10	4	5	11	1	11	5	4	10	9	3	8	6	2	7	7	2	
2	6	8	3	9	10	4	5	11	1	11	5	4	10	9	3	8	6	2	7	7	
7	2	6	8	3	9	10	4	5	11	1	11	5	4	10	9	3	8	6	2	7	
7	7	2	6	8	3	9	10	4	5	11	1	11	5	4	10	9	3	8	6	2	
2	7	7	2	6	8	3	9	10	4	5	11	1	11	5	4	10	9	3	8	6	
6	2	7	7	2	6	8	3	9	10	4	5	11	1	11	5	4	10	9	3	8	
8	6	2	7	7	2	6	8	3	9	10	4	5	11	1	11	5	4	10	9	3	
3	8	6	2	7	7	2	6	8	3	9	10	4	5	11	1	11	5	4	10	9	
9	3	8	6	2	7	7	2	6	8	3	9	10	4	5	11	1	11	5	4	10	
10	9	3	8	6	2	7	7	2	6	8	3	9	10	4	5	11	1	11	5	4	
4	10	9	3	8	6	2	7	7	2	6	8	3	9	10	4	5	11	1	11	5	
5	4	10	9	3	8	6	2	7	7	2	6	8	3	9	10	4	5	11	1	11	
11	5	4	10	9	3	8	6	2	7	7	2	6	8	3	9	10	4	5	11	1	
1	9	8	10	16	15	14	13	7	11	12	12	11	7	13	14	15	16	10	8	9	
9	1	9	8	10	16	15	14	13	7	11	12	12	11	7	13	14	15	16	10	8	
8	9	1	9	8	10	16	15	14	13	7	11	12	12	11	7	13	14	15	16	10	
10	8	9	1	9	8	10	16	15	14	13	7	11	12	12	11	7	13	14	15	16	
16	10	8	9	1	9	8	10	16	15	14	13	7	11	12	12	11	7	13	14	15	
15	16	10	8	9	1	9	8	10	16	15	14	13	7	11	12	12	11	7	13	14	
14	15	16	10	8	9	1	9	8	10	16	15	14	13	7	11	12	12	11	7	13	
13	14	15	16	10	8	9	1	9	8	10	16	15	14	13	7	11	12	12	11	7	
7	13	14	15	16	10	8	9	1	9	8	10	16	15	14	13	7	11	12	12	11	
11	7	13	14	15	16	10	8	9	1	9	8	10	16	15	14	13	7	11	12	12	
12	11	7	13	14	15	16	10	8	9	1	9	8	10	16	15	14	13	7	11	12	
12	12	11	7	13	14	15	16	10	8	9	1	9	8	10	16	15	14	13	7	11	
11	12	12	11	7	13	14	15	16	10	8	9	1	9	8	10	16	15	14	13	7	
7	11	12	12	11	7	13	14	15	16	10	8	9	1	9	8	10	16	15	14	13	
13	7	11	12	12	11	7	13	14	15	16	10	8	9	1	9	8	10	16	15	14	
14	13	7	11	12	12	11	7	13	14	15	16	10	8	9	1	9	8	10	16	15	
15	14	13	7	11	12	12	11	7	13	14	15	16	10	8	9	1	9	8	10	16	
16	15	14	13	7	11	12	12	11	7	13	14	15	16	10	8	9	1	9	8	10	
10	16	15	14	13	7	11	12	12	11	7	13	14	15	16	10	8	9	1	9	8	
8	10	16	15	14	13	7	11	12	12	11	7	13	14	15	16	10	8	9	1	9	
9	8	10	16	15	14	13	7	11	12	12	11	7	13	14	15	16	10	8	9	1	
