1	1	1	1	1	1	1	1	1	1	1	1	1	1	1	1	1	1	1	1	1	1	1	1	1	
1	17	7	16	6	15	14	5	19	4	18	3	2	2	3	18	4	19	5	14	15	6	16	7	17	
17	1	17	7	16	6	15	14	5	19	4	18	3	2	2	3	18	4	19	5	14	15	6	16	7	
7	17	1	17	7	16	6	15	14	5	19	4	18	3	2	2	3	18	4	19	5	14	15	6	16	
16	7	17	1	17	7	16	6	15	14	5	19	4	18	3	2	2	3	18	4	19	5	14	15	6	
6	16	7	17	1	17	7	16	6	15	14	5	19	4	18	3	2	2	3	18	4	19	5	14	15	
15	6	16	7	17	1	17	7	16	6	15	14	5	19	4	18	3	2	2	3	18	4	19	5	14	
14	15	6	16	7	17	1	17	7	16	6	15	14	5	19	4	18	3	2	2	3	18	4	19	5	
5	14	15	6	16	7	17	1	17	7	16	6	15	14	5	19	4	18	3	2	2	3	18	4	19	
19	5	14	15	6	16	7	17	1	17	7	16	6	15	14	5	19	4	18	3	2	2	3	18	4	
4	19	5	14	15	6	16	7	17	1	17	7	16	6	15	14	5	19	4	18	3	2	2	3	18	
18	4	19	5	14	15	6	16	7	17	1	17	7	16	6	15	14	5	19	4	18	3	2	2	3	
3	18	4	19	5	14	15	6	16	7	17	1	17	7	16	6	15	14	5	19	4	18	3	2	2	
2	3	18	4	19	5	14	15	6	16	7	17	1	17	7	16	6	15	14	5	19	4	18	3	2	
2	2	3	18	4	19	5	14	15	6	16	7	17	1	17	7	16	6	15	14	5	19	4	18	3	
3	2	2	3	18	4	19	5	14	15	6	16	7	17	1	17	7	16	6	15	14	5	19	4	18	
18	3	2	2	3	18	4	19	5	14	15	6	16	7	17	1	17	7	16	6	15	14	5	19	4	
4	18	3	2	2	3	18	4	19	5	14	15	6	16	7	17	1	17	7	16	6	15	14	5	19	
19	4	18	3	2	2	3	18	4	19	5	14	15	6	16	7	17	1	17	7	16	6	15	14	5	
5	19	4	18	3	2	2	3	18	4	19	5	14	15	6	16	7	17	1	17	7	16	6	15	14	
14	5	19	4	18	3	2	2	3	18	4	19	5	14	15	6	16	7	17	1	17	7	16	6	15	
15	14	5	19	4	18	3	2	2	3	18	4	19	5	14	15	6	16	7	17	1	17	7	16	6	
6	15	14	5	19	4	18	3	2	2	3	18	4	19	5	14	15	6	16	7	17	1	17	7	16	
16	6	15	14	5	19	4	18	3	2	2	3	18	4	19	5	14	15	6	16	7	17	1	17	7	
7	16	6	15	14	5	19	4	18	3	2	2	3	18	4	19	5	14	15	6	16	7	17	1	17	
17	7	16	6	15	14	5	19	4	18	3	2	2	3	18	4	19	5	14	15	6	16	7	17	1	
1	13	12	5	4	11	10	9	3	7	8	2	6	6	2	8	7	3	9	10	11	4	5	12	13	
13	1	13	12	5	4	11	10	9	3	7	8	2	6	6	2	8	7	3	9	10	11	4	5	12	
12	13	1	13	12	5	4	11	10	9	3	7	8	2	6	6	2	8	7	3	9	10	11	4	5	
5	12	13	1	13	12	5	4	11	10	9	3	7	8	2	6	6	2	8	7	3	9	10	11	4	
4	5	12	13	1	13	12	5	4	11	10	9	3	7	8	2	6	6	2	8	7	3	9	10	11	
11	4	5	12	13	1	13	12	5	4	11	10	9	3	7	8	2	6	6	2	8	7	3	9	10	
10	11	4	5	12	13	1	13	12	5	4	11	10	9	3	7	8	2	6	6	2	8	7	3	9	
9	10	11	4	5	12	13	1	13	12	5	4	11	10	9	3	7	8	2	6	6	2	8	7	3	
3	9	10	11	4	5	12	13	1	13	12	5	4	11	10	9	3	7	8	2	6	6	2	8	7	
7	3	9	10	11	4	5	12	13	1	13	12	5	4	11	10	9	3	7	8	2	6	6	2	8	
8	7	3	9	10	11	4	5	12	13	1	13	12	5	4	11	10	9	3	7	8	2	6	6	2	
2	8	7	3	9	10	11	4	5	12	13	1	13	12	5	4	11	10	9	3	7	8	2	6	6	
6	2	8	7	3	9	10	11	4	5	12	13	1	13	12	5	4	11	10	9	3	7	8	2	6	
6	6	2	8	7	3	9	10	11	4	5	12	13	1	13	12	5	4	11	10	9	3	7	8	2	
2	6	6	2	8	7	3	9	10	11	4	5	12	13	1	13	12	5	4	11	10	9	3	7	8	
8	2	6	6	2	8	7	3	9	10	11	4	5	12	13	1	13	12	5	4	11	10	9	3	7	
7	8	2	6	6	2	8	7	3	9	10	11	4	5	12	13	1	13	12	5	4	11	10	9	3	
3	7	8	2	6	6	2	8	7	3	9	10	11	4	5	12	13	1	13	12	5	4	11	10	9	
9	3	7	8	2	6	6	2	8	7	3	9	10	11	4	5	12	13	1	13	12	5	4	11	10	
10	9	3	7	8	2	6	6	2	8	7	3	9	10	11	4	5	12	13	1	13	12	5	4	11	
11	10	9	3	7	8	2	6	6	2	8	7	3	9	10	11	4	5	12	13	1	13	12	5	4	
4	11	10	9	3	7	8	2	6	6	2	8	7	3	9	10	11	4	5	12	13	1	13	12	5	
5	4	11	10	9	3	7	8	2	6	6	2	8	7	3	9	10	11	4	5	12	13	1	13	12	
12	5	4	11	10	9	3	7	8	2	6	6	2	8	7	3	9	10	11	4	5	12	13	1	13	
13	12	5	4	11	10	9	3	7	8	2	6	6	2	8	7	3	9	10	11	4	5	12	13	1	
1	10	19	18	17	16	15	13	9	11	14	12	8	8	12	14	11	9	13	15	16	17	18	19	10	
10	1	10	19	18	17	16	15	13	9	11	14	12	8	8	12	14	11	9	13	15	16	17	18	19	
19	10	1	10	19	18	17	16	15	13	9	11	14	12	8	8	12	14	11	9	13	15	16	17	18	
18	19	10	1	10	19	18	17	16	15	13	9	11	14	12	8	8	12	14	11	9	13	15	16	17	
17	18	19	10	1	10	19	18	17	16	15	13	9	11	14	12	8	8	12	14	11	9	13	15	16	
16	17	18	19	10	1	10	19	18	17	16	15	13	9	11	14	12	8	8	12	14	11	9	13	15	
15	16	17	18	19	10	1	10	19	18	17	16	15	13	9	11	14	12	8	8	12	14	11	9	13	
13	15	16	17	18	19	10	1	10	19	18	17	16	15	13	9	11	14	12	8	8	12	14	11	9	
9	13	15	16	17	18	19	10	1	10	19	18	17	16	15	13	9	11	14	12	8	8	12	14	11	
11	9	13	15	16	17	18	19	10	1	10	19	18	17	16	15	13	9	11	14	12	8	8	12	14	
14	11	9	13	15	16	17	18	19	10	1	10	19	18	17	16	15	13	9	11	14	12	8	8	12	
12	14	11	9	13	15	16	17	18	19	10	1	10	19	18	17	16	15	13	9	11	14	12	8	8	
8	12	14	11	9	13	15	16	17	18	19	10	1	10	19	18	17	16	15	13	9	11	14	12	8	
8	8	12	14	11	9	13	15	16	17	18	19	10	1	10	19	18	17	16	15	13	9	11	14	12	
12	8	8	12	14	11	9	13	15	16	17	18	19	10	1	10	19	18	17	16	15	13	9	11	14	
14	12	8	8	12	14	11	9	13	15	16	17	18	19	10	1	10	19	18	17	16	15	13	9	11	
11	14	12	8	8	12	14	11	9	13	15	16	17	18	19	10	1	10	19	18	17	16	15	13	9	
9	11	14	12	8	8	12	14	11	9	13	15	16	17	18	19	10	1	10	19	18	17	16	15	13	
13	9	11	14	12	8	8	12	14	11	9	13	15	16	17	18	19	10	1	10	19	18	17	16	15	
15	13	9	11	14	12	8	8	12	14	11	9	13	15	16	17	18	19	10	1	10	19	18	17	16	
16	15	13	9	11	14	12	8	8	12	14	11	9	13	15	16	17	18	19	10	1	10	19	18	17	
17	16	15	13	9	11	14	12	8	8	12	14	11	9	13	15	16	17	18	19	10	1	10	19	18	
18	17	16	15	13	9	11	14	12	8	8	12	14	11	9	13	15	16	17	18	19	10	1	10	19	
19	18	17	16	15	13	9	11	14	12	8	8	12	14	11	9	13	15	16	17	18	19	10	1	10	
10	19	18	17	16	15	13	9	11	14	12	8	8	12	14	11	9	13	15	16	17	18	19	10	1	
