1	1	1	1	1	1	1	1	1	1	1	1	1	1	1	1	1	1	1	1	1	1	1	1	1	1	1	1	1	
1	16	19	8	7	6	22	18	21	5	20	17	4	3	2	2	3	4	17	20	5	21	18	22	6	7	8	19	16	
16	1	16	19	8	7	6	22	18	21	5	20	17	4	3	2	2	3	4	17	20	5	21	18	22	6	7	8	19	
19	16	1	16	19	8	7	6	22	18	21	5	20	17	4	3	2	2	3	4	17	20	5	21	18	22	6	7	8	
8	19	16	1	16	19	8	7	6	22	18	21	5	20	17	4	3	2	2	3	4	17	20	5	21	18	22	6	7	
7	8	19	16	1	16	19	8	7	6	22	18	21	5	20	17	4	3	2	2	3	4	17	20	5	21	18	22	6	
6	7	8	19	16	1	16	19	8	7	6	22	18	21	5	20	17	4	3	2	2	3	4	17	20	5	21	18	22	
22	6	7	8	19	16	1	16	19	8	7	6	22	18	21	5	20	17	4	3	2	2	3	4	17	20	5	21	18	
18	22	6	7	8	19	16	1	16	19	8	7	6	22	18	21	5	20	17	4	3	2	2	3	4	17	20	5	21	
21	18	22	6	7	8	19	16	1	16	19	8	7	6	22	18	21	5	20	17	4	3	2	2	3	4	17	20	5	
5	21	18	22	6	7	8	19	16	1	16	19	8	7	6	22	18	21	5	20	17	4	3	2	2	3	4	17	20	
20	5	21	18	22	6	7	8	19	16	1	16	19	8	7	6	22	18	21	5	20	17	4	3	2	2	3	4	17	
17	20	5	21	18	22	6	7	8	19	16	1	16	19	8	7	6	22	18	21	5	20	17	4	3	2	2	3	4	
4	17	20	5	21	18	22	6	7	8	19	16	1	16	19	8	7	6	22	18	21	5	20	17	4	3	2	2	3	
3	4	17	20	5	21	18	22	6	7	8	19	16	1	16	19	8	7	6	22	18	21	5	20	17	4	3	2	2	
2	3	4	17	20	5	21	18	22	6	7	8	19	16	1	16	19	8	7	6	22	18	21	5	20	17	4	3	2	
2	2	3	4	17	20	5	21	18	22	6	7	8	19	16	1	16	19	8	7	6	22	18	21	5	20	17	4	3	
3	2	2	3	4	17	20	5	21	18	22	6	7	8	19	16	1	16	19	8	7	6	22	18	21	5	20	17	4	
4	3	2	2	3	4	17	20	5	21	18	22	6	7	8	19	16	1	16	19	8	7	6	22	18	21	5	20	17	
17	4	3	2	2	3	4	17	20	5	21	18	22	6	7	8	19	16	1	16	19	8	7	6	22	18	21	5	20	
20	17	4	3	2	2	3	4	17	20	5	21	18	22	6	7	8	19	16	1	16	19	8	7	6	22	18	21	5	
5	20	17	4	3	2	2	3	4	17	20	5	21	18	22	6	7	8	19	16	1	16	19	8	7	6	22	18	21	
21	5	20	17	4	3	2	2	3	4	17	20	5	21	18	22	6	7	8	19	16	1	16	19	8	7	6	22	18	
18	21	5	20	17	4	3	2	2	3	4	17	20	5	21	18	22	6	7	8	19	16	1	16	19	8	7	6	22	
22	18	21	5	20	17	4	3	2	2	3	4	17	20	5	21	18	22	6	7	8	19	16	1	16	19	8	7	6	
6	22	18	21	5	20	17	4	3	2	2	3	4	17	20	5	21	18	22	6	7	8	19	16	1	16	19	8	7	
7	6	22	18	21	5	20	17	4	3	2	2	3	4	17	20	5	21	18	22	6	7	8	19	16	1	16	19	8	
8	7	6	22	18	21	5	20	17	4	3	2	2	3	4	17	20	5	21	18	22	6	7	8	19	16	1	16	19	
19	8	7	6	22	18	21	5	20	17	4	3	2	2	3	4	17	20	5	21	18	22	6	7	8	19	16	1	16	
16	19	8	7	6	22	18	21	5	20	17	4	3	2	2	3	4	17	20	5	21	18	22	6	7	8	19	16	1	
1	15	14	13	5	12	11	10	4	9	3	8	6	2	7	7	2	6	8	3	9	4	10	11	12	5	13	14	15	
15	1	15	14	13	5	12	11	10	4	9	3	8	6	2	7	7	2	6	8	3	9	4	10	11	12	5	13	14	
14	15	1	15	14	13	5	12	11	10	4	9	3	8	6	2	7	7	2	6	8	3	9	4	10	11	12	5	13	
13	14	15	1	15	14	13	5	12	11	10	4	9	3	8	6	2	7	7	2	6	8	3	9	4	10	11	12	5	
5	13	14	15	1	15	14	13	5	12	11	10	4	9	3	8	6	2	7	7	2	6	8	3	9	4	10	11	12	
12	5	13	14	15	1	15	14	13	5	12	11	10	4	9	3	8	6	2	7	7	2	6	8	3	9	4	10	11	
11	12	5	13	14	15	1	15	14	13	5	12	11	10	4	9	3	8	6	2	7	7	2	6	8	3	9	4	10	
10	11	12	5	13	14	15	1	15	14	13	5	12	11	10	4	9	3	8	6	2	7	7	2	6	8	3	9	4	
4	10	11	12	5	13	14	15	1	15	14	13	5	12	11	10	4	9	3	8	6	2	7	7	2	6	8	3	9	
9	4	10	11	12	5	13	14	15	1	15	14	13	5	12	11	10	4	9	3	8	6	2	7	7	2	6	8	3	
3	9	4	10	11	12	5	13	14	15	1	15	14	13	5	12	11	10	4	9	3	8	6	2	7	7	2	6	8	
8	3	9	4	10	11	12	5	13	14	15	1	15	14	13	5	12	11	10	4	9	3	8	6	2	7	7	2	6	
6	8	3	9	4	10	11	12	5	13	14	15	1	15	14	13	5	12	11	10	4	9	3	8	6	2	7	7	2	
2	6	8	3	9	4	10	11	12	5	13	14	15	1	15	14	13	5	12	11	10	4	9	3	8	6	2	7	7	
7	2	6	8	3	9	4	10	11	12	5	13	14	15	1	15	14	13	5	12	11	10	4	9	3	8	6	2	7	
7	7	2	6	8	3	9	4	10	11	12	5	13	14	15	1	15	14	13	5	12	11	10	4	9	3	8	6	2	
2	7	7	2	6	8	3	9	4	10	11	12	5	13	14	15	1	15	14	13	5	12	11	10	4	9	3	8	6	
6	2	7	7	2	6	8	3	9	4	10	11	12	5	13	14	15	1	15	14	13	5	12	11	10	4	9	3	8	
8	6	2	7	7	2	6	8	3	9	4	10	11	12	5	13	14	15	1	15	14	13	5	12	11	10	4	9	3	
3	8	6	2	7	7	2	6	8	3	9	4	10	11	12	5	13	14	15	1	15	14	13	5	12	11	10	4	9	
9	3	8	6	2	7	7	2	6	8	3	9	4	10	11	12	5	13	14	15	1	15	14	13	5	12	11	10	4	
4	9	3	8	6	2	7	7	2	6	8	3	9	4	10	11	12	5	13	14	15	1	15	14	13	5	12	11	10	
10	4	9	3	8	6	2	7	7	2	6	8	3	9	4	10	11	12	5	13	14	15	1	15	14	13	5	12	11	
11	10	4	9	3	8	6	2	7	7	2	6	8	3	9	4	10	11	12	5	13	14	15	1	15	14	13	5	12	
12	11	10	4	9	3	8	6	2	7	7	2	6	8	3	9	4	10	11	12	5	13	14	15	1	15	14	13	5	
5	12	11	10	4	9	3	8	6	2	7	7	2	6	8	3	9	4	10	11	12	5	13	14	15	1	15	14	13	
13	5	12	11	10	4	9	3	8	6	2	7	7	2	6	8	3	9	4	10	11	12	5	13	14	15	1	15	14	
14	13	5	12	11	10	4	9	3	8	6	2	7	7	2	6	8	3	9	4	10	11	12	5	13	14	15	1	15	
15	14	13	5	12	11	10	4	9	3	8	6	2	7	7	2	6	8	3	9	4	10	11	12	5	13	14	15	1	
1	13	22	21	20	19	18	11	15	17	10	16	14	12	9	9	12	14	16	10	17	15	11	18	19	20	21	22	13	
13	1	13	22	21	20	19	18	11	15	17	10	16	14	12	9	9	12	14	16	10	17	15	11	18	19	20	21	22	
22	13	1	13	22	21	20	19	18	11	15	17	10	16	14	12	9	9	12	14	16	10	17	15	11	18	19	20	21	
21	22	13	1	13	22	21	20	19	18	11	15	17	10	16	14	12	9	9	12	14	16	10	17	15	11	18	19	20	
20	21	22	13	1	13	22	21	20	19	18	11	15	17	10	16	14	12	9	9	12	14	16	10	17	15	11	18	19	
19	20	21	22	13	1	13	22	21	20	19	18	11	15	17	10	16	14	12	9	9	12	14	16	10	17	15	11	18	
18	19	20	21	22	13	1	13	22	21	20	19	18	11	15	17	10	16	14	12	9	9	12	14	16	10	17	15	11	
11	18	19	20	21	22	13	1	13	22	21	20	19	18	11	15	17	10	16	14	12	9	9	12	14	16	10	17	15	
15	11	18	19	20	21	22	13	1	13	22	21	20	19	18	11	15	17	10	16	14	12	9	9	12	14	16	10	17	
17	15	11	18	19	20	21	22	13	1	13	22	21	20	19	18	11	15	17	10	16	14	12	9	9	12	14	16	10	
10	17	15	11	18	19	20	21	22	13	1	13	22	21	20	19	18	11	15	17	10	16	14	12	9	9	12	14	16	
16	10	17	15	11	18	19	20	21	22	13	1	13	22	21	20	19	18	11	15	17	10	16	14	12	9	9	12	14	
14	16	10	17	15	11	18	19	20	21	22	13	1	13	22	21	20	19	18	11	15	17	10	16	14	12	9	9	12	
12	14	16	10	17	15	11	18	19	20	21	22	13	1	13	22	21	20	19	18	11	15	17	10	16	14	12	9	9	
9	12	14	16	10	17	15	11	18	19	20	21	22	13	1	13	22	21	20	19	18	11	15	17	10	16	14	12	9	
9	9	12	14	16	10	17	15	11	18	19	20	21	22	13	1	13	22	21	20	19	18	11	15	17	10	16	14	12	
12	9	9	12	14	16	10	17	15	11	18	19	20	21	22	13	1	13	22	21	20	19	18	11	15	17	10	16	14	
14	12	9	9	12	14	16	10	17	15	11	18	19	20	21	22	13	1	13	22	21	20	19	18	11	15	17	10	16	
16	14	12	9	9	12	14	16	10	17	15	11	18	19	20	21	22	13	1	13	22	21	20	19	18	11	15	17	10	
10	16	14	12	9	9	12	14	16	10	17	15	11	18	19	20	21	22	13	1	13	22	21	20	19	18	11	15	17	
17	10	16	14	12	9	9	12	14	16	10	17	15	11	18	19	20	21	22	13	1	13	22	21	20	19	18	11	15	
15	17	10	16	14	12	9	9	12	14	16	10	17	15	11	18	19	20	21	22	13	1	13	22	21	20	19	18	11	
11	15	17	10	16	14	12	9	9	12	14	16	10	17	15	11	18	19	20	21	22	13	1	13	22	21	20	19	18	
18	11	15	17	10	16	14	12	9	9	12	14	16	10	17	15	11	18	19	20	21	22	13	1	13	22	21	20	19	
19	18	11	15	17	10	16	14	12	9	9	12	14	16	10	17	15	11	18	19	20	21	22	13	1	13	22	21	20	
20	19	18	11	15	17	10	16	14	12	9	9	12	14	16	10	17	15	11	18	19	20	21	22	13	1	13	22	21	
21	20	19	18	11	15	17	10	16	14	12	9	9	12	14	16	10	17	15	11	18	19	20	21	22	13	1	13	22	
22	21	20	19	18	11	15	17	10	16	14	12	9	9	12	14	16	10	17	15	11	18	19	20	21	22	13	1	13	
13	22	21	20	19	18	11	15	17	10	16	14	12	9	9	12	14	16	10	17	15	11	18	19	20	21	22	13	1	
