1	1	1	1	1	1	1	1	1	1	1	1	1	1	1	1	1	1	1	1	1	1	1	1	1	1	1	1	1	1	1	1	1	
1	9	21	19	18	25	8	23	22	20	24	7	6	5	4	3	2	2	3	4	5	6	7	24	20	22	23	8	25	18	19	21	9	
9	1	9	21	19	18	25	8	23	22	20	24	7	6	5	4	3	2	2	3	4	5	6	7	24	20	22	23	8	25	18	19	21	
21	9	1	9	21	19	18	25	8	23	22	20	24	7	6	5	4	3	2	2	3	4	5	6	7	24	20	22	23	8	25	18	19	
19	21	9	1	9	21	19	18	25	8	23	22	20	24	7	6	5	4	3	2	2	3	4	5	6	7	24	20	22	23	8	25	18	
18	19	21	9	1	9	21	19	18	25	8	23	22	20	24	7	6	5	4	3	2	2	3	4	5	6	7	24	20	22	23	8	25	
25	18	19	21	9	1	9	21	19	18	25	8	23	22	20	24	7	6	5	4	3	2	2	3	4	5	6	7	24	20	22	23	8	
8	25	18	19	21	9	1	9	21	19	18	25	8	23	22	20	24	7	6	5	4	3	2	2	3	4	5	6	7	24	20	22	23	
23	8	25	18	19	21	9	1	9	21	19	18	25	8	23	22	20	24	7	6	5	4	3	2	2	3	4	5	6	7	24	20	22	
22	23	8	25	18	19	21	9	1	9	21	19	18	25	8	23	22	20	24	7	6	5	4	3	2	2	3	4	5	6	7	24	20	
20	22	23	8	25	18	19	21	9	1	9	21	19	18	25	8	23	22	20	24	7	6	5	4	3	2	2	3	4	5	6	7	24	
24	20	22	23	8	25	18	19	21	9	1	9	21	19	18	25	8	23	22	20	24	7	6	5	4	3	2	2	3	4	5	6	7	
7	24	20	22	23	8	25	18	19	21	9	1	9	21	19	18	25	8	23	22	20	24	7	6	5	4	3	2	2	3	4	5	6	
6	7	24	20	22	23	8	25	18	19	21	9	1	9	21	19	18	25	8	23	22	20	24	7	6	5	4	3	2	2	3	4	5	
5	6	7	24	20	22	23	8	25	18	19	21	9	1	9	21	19	18	25	8	23	22	20	24	7	6	5	4	3	2	2	3	4	
4	5	6	7	24	20	22	23	8	25	18	19	21	9	1	9	21	19	18	25	8	23	22	20	24	7	6	5	4	3	2	2	3	
3	4	5	6	7	24	20	22	23	8	25	18	19	21	9	1	9	21	19	18	25	8	23	22	20	24	7	6	5	4	3	2	2	
2	3	4	5	6	7	24	20	22	23	8	25	18	19	21	9	1	9	21	19	18	25	8	23	22	20	24	7	6	5	4	3	2	
2	2	3	4	5	6	7	24	20	22	23	8	25	18	19	21	9	1	9	21	19	18	25	8	23	22	20	24	7	6	5	4	3	
3	2	2	3	4	5	6	7	24	20	22	23	8	25	18	19	21	9	1	9	21	19	18	25	8	23	22	20	24	7	6	5	4	
4	3	2	2	3	4	5	6	7	24	20	22	23	8	25	18	19	21	9	1	9	21	19	18	25	8	23	22	20	24	7	6	5	
5	4	3	2	2	3	4	5	6	7	24	20	22	23	8	25	18	19	21	9	1	9	21	19	18	25	8	23	22	20	24	7	6	
6	5	4	3	2	2	3	4	5	6	7	24	20	22	23	8	25	18	19	21	9	1	9	21	19	18	25	8	23	22	20	24	7	
7	6	5	4	3	2	2	3	4	5	6	7	24	20	22	23	8	25	18	19	21	9	1	9	21	19	18	25	8	23	22	20	24	
24	7	6	5	4	3	2	2	3	4	5	6	7	24	20	22	23	8	25	18	19	21	9	1	9	21	19	18	25	8	23	22	20	
20	24	7	6	5	4	3	2	2	3	4	5	6	7	24	20	22	23	8	25	18	19	21	9	1	9	21	19	18	25	8	23	22	
22	20	24	7	6	5	4	3	2	2	3	4	5	6	7	24	20	22	23	8	25	18	19	21	9	1	9	21	19	18	25	8	23	
23	22	20	24	7	6	5	4	3	2	2	3	4	5	6	7	24	20	22	23	8	25	18	19	21	9	1	9	21	19	18	25	8	
8	23	22	20	24	7	6	5	4	3	2	2	3	4	5	6	7	24	20	22	23	8	25	18	19	21	9	1	9	21	19	18	25	
25	8	23	22	20	24	7	6	5	4	3	2	2	3	4	5	6	7	24	20	22	23	8	25	18	19	21	9	1	9	21	19	18	
18	25	8	23	22	20	24	7	6	5	4	3	2	2	3	4	5	6	7	24	20	22	23	8	25	18	19	21	9	1	9	21	19	
19	18	25	8	23	22	20	24	7	6	5	4	3	2	2	3	4	5	6	7	24	20	22	23	8	25	18	19	21	9	1	9	21	
21	19	18	25	8	23	22	20	24	7	6	5	4	3	2	2	3	4	5	6	7	24	20	22	23	8	25	18	19	21	9	1	9	
9	21	19	18	25	8	23	22	20	24	7	6	5	4	3	2	2	3	4	5	6	7	24	20	22	23	8	25	18	19	21	9	1	
1	17	16	7	15	6	14	13	5	12	4	11	3	10	9	2	8	8	2	9	10	3	11	4	12	5	13	14	6	15	7	16	17	
17	1	17	16	7	15	6	14	13	5	12	4	11	3	10	9	2	8	8	2	9	10	3	11	4	12	5	13	14	6	15	7	16	
16	17	1	17	16	7	15	6	14	13	5	12	4	11	3	10	9	2	8	8	2	9	10	3	11	4	12	5	13	14	6	15	7	
7	16	17	1	17	16	7	15	6	14	13	5	12	4	11	3	10	9	2	8	8	2	9	10	3	11	4	12	5	13	14	6	15	
15	7	16	17	1	17	16	7	15	6	14	13	5	12	4	11	3	10	9	2	8	8	2	9	10	3	11	4	12	5	13	14	6	
6	15	7	16	17	1	17	16	7	15	6	14	13	5	12	4	11	3	10	9	2	8	8	2	9	10	3	11	4	12	5	13	14	
14	6	15	7	16	17	1	17	16	7	15	6	14	13	5	12	4	11	3	10	9	2	8	8	2	9	10	3	11	4	12	5	13	
13	14	6	15	7	16	17	1	17	16	7	15	6	14	13	5	12	4	11	3	10	9	2	8	8	2	9	10	3	11	4	12	5	
5	13	14	6	15	7	16	17	1	17	16	7	15	6	14	13	5	12	4	11	3	10	9	2	8	8	2	9	10	3	11	4	12	
12	5	13	14	6	15	7	16	17	1	17	16	7	15	6	14	13	5	12	4	11	3	10	9	2	8	8	2	9	10	3	11	4	
4	12	5	13	14	6	15	7	16	17	1	17	16	7	15	6	14	13	5	12	4	11	3	10	9	2	8	8	2	9	10	3	11	
11	4	12	5	13	14	6	15	7	16	17	1	17	16	7	15	6	14	13	5	12	4	11	3	10	9	2	8	8	2	9	10	3	
3	11	4	12	5	13	14	6	15	7	16	17	1	17	16	7	15	6	14	13	5	12	4	11	3	10	9	2	8	8	2	9	10	
10	3	11	4	12	5	13	14	6	15	7	16	17	1	17	16	7	15	6	14	13	5	12	4	11	3	10	9	2	8	8	2	9	
9	10	3	11	4	12	5	13	14	6	15	7	16	17	1	17	16	7	15	6	14	13	5	12	4	11	3	10	9	2	8	8	2	
2	9	10	3	11	4	12	5	13	14	6	15	7	16	17	1	17	16	7	15	6	14	13	5	12	4	11	3	10	9	2	8	8	
8	2	9	10	3	11	4	12	5	13	14	6	15	7	16	17	1	17	16	7	15	6	14	13	5	12	4	11	3	10	9	2	8	
8	8	2	9	10	3	11	4	12	5	13	14	6	15	7	16	17	1	17	16	7	15	6	14	13	5	12	4	11	3	10	9	2	
2	8	8	2	9	10	3	11	4	12	5	13	14	6	15	7	16	17	1	17	16	7	15	6	14	13	5	12	4	11	3	10	9	
9	2	8	8	2	9	10	3	11	4	12	5	13	14	6	15	7	16	17	1	17	16	7	15	6	14	13	5	12	4	11	3	10	
10	9	2	8	8	2	9	10	3	11	4	12	5	13	14	6	15	7	16	17	1	17	16	7	15	6	14	13	5	12	4	11	3	
3	10	9	2	8	8	2	9	10	3	11	4	12	5	13	14	6	15	7	16	17	1	17	16	7	15	6	14	13	5	12	4	11	
11	3	10	9	2	8	8	2	9	10	3	11	4	12	5	13	14	6	15	7	16	17	1	17	16	7	15	6	14	13	5	12	4	
4	11	3	10	9	2	8	8	2	9	10	3	11	4	12	5	13	14	6	15	7	16	17	1	17	16	7	15	6	14	13	5	12	
12	4	11	3	10	9	2	8	8	2	9	10	3	11	4	12	5	13	14	6	15	7	16	17	1	17	16	7	15	6	14	13	5	
5	12	4	11	3	10	9	2	8	8	2	9	10	3	11	4	12	5	13	14	6	15	7	16	17	1	17	16	7	15	6	14	13	
13	5	12	4	11	3	10	9	2	8	8	2	9	10	3	11	4	12	5	13	14	6	15	7	16	17	1	17	16	7	15	6	14	
14	13	5	12	4	11	3	10	9	2	8	8	2	9	10	3	11	4	12	5	13	14	6	15	7	16	17	1	17	16	7	15	6	
6	14	13	5	12	4	11	3	10	9	2	8	8	2	9	10	3	11	4	12	5	13	14	6	15	7	16	17	1	17	16	7	15	
15	6	14	13	5	12	4	11	3	10	9	2	8	8	2	9	10	3	11	4	12	5	13	14	6	15	7	16	17	1	17	16	7	
7	15	6	14	13	5	12	4	11	3	10	9	2	8	8	2	9	10	3	11	4	12	5	13	14	6	15	7	16	17	1	17	16	
16	7	15	6	14	13	5	12	4	11	3	10	9	2	8	8	2	9	10	3	11	4	12	5	13	14	6	15	7	16	17	1	17	
17	16	7	15	6	14	13	5	12	4	11	3	10	9	2	8	8	2	9	10	3	11	4	12	5	13	14	6	15	7	16	17	1	
1	25	24	12	23	14	22	21	20	17	19	15	13	11	18	16	10	10	16	18	11	13	15	19	17	20	21	22	14	23	12	24	25	
25	1	25	24	12	23	14	22	21	20	17	19	15	13	11	18	16	10	10	16	18	11	13	15	19	17	20	21	22	14	23	12	24	
24	25	1	25	24	12	23	14	22	21	20	17	19	15	13	11	18	16	10	10	16	18	11	13	15	19	17	20	21	22	14	23	12	
12	24	25	1	25	24	12	23	14	22	21	20	17	19	15	13	11	18	16	10	10	16	18	11	13	15	19	17	20	21	22	14	23	
23	12	24	25	1	25	24	12	23	14	22	21	20	17	19	15	13	11	18	16	10	10	16	18	11	13	15	19	17	20	21	22	14	
14	23	12	24	25	1	25	24	12	23	14	22	21	20	17	19	15	13	11	18	16	10	10	16	18	11	13	15	19	17	20	21	22	
22	14	23	12	24	25	1	25	24	12	23	14	22	21	20	17	19	15	13	11	18	16	10	10	16	18	11	13	15	19	17	20	21	
21	22	14	23	12	24	25	1	25	24	12	23	14	22	21	20	17	19	15	13	11	18	16	10	10	16	18	11	13	15	19	17	20	
20	21	22	14	23	12	24	25	1	25	24	12	23	14	22	21	20	17	19	15	13	11	18	16	10	10	16	18	11	13	15	19	17	
17	20	21	22	14	23	12	24	25	1	25	24	12	23	14	22	21	20	17	19	15	13	11	18	16	10	10	16	18	11	13	15	19	
19	17	20	21	22	14	23	12	24	25	1	25	24	12	23	14	22	21	20	17	19	15	13	11	18	16	10	10	16	18	11	13	15	
15	19	17	20	21	22	14	23	12	24	25	1	25	24	12	23	14	22	21	20	17	19	15	13	11	18	16	10	10	16	18	11	13	
13	15	19	17	20	21	22	14	23	12	24	25	1	25	24	12	23	14	22	21	20	17	19	15	13	11	18	16	10	10	16	18	11	
11	13	15	19	17	20	21	22	14	23	12	24	25	1	25	24	12	23	14	22	21	20	17	19	15	13	11	18	16	10	10	16	18	
18	11	13	15	19	17	20	21	22	14	23	12	24	25	1	25	24	12	23	14	22	21	20	17	19	15	13	11	18	16	10	10	16	
16	18	11	13	15	19	17	20	21	22	14	23	12	24	25	1	25	24	12	23	14	22	21	20	17	19	15	13	11	18	16	10	10	
10	16	18	11	13	15	19	17	20	21	22	14	23	12	24	25	1	25	24	12	23	14	22	21	20	17	19	15	13	11	18	16	10	
10	10	16	18	11	13	15	19	17	20	21	22	14	23	12	24	25	1	25	24	12	23	14	22	21	20	17	19	15	13	11	18	16	
16	10	10	16	18	11	13	15	19	17	20	21	22	14	23	12	24	25	1	25	24	12	23	14	22	21	20	17	19	15	13	11	18	
18	16	10	10	16	18	11	13	15	19	17	20	21	22	14	23	12	24	25	1	25	24	12	23	14	22	21	20	17	19	15	13	11	
11	18	16	10	10	16	18	11	13	15	19	17	20	21	22	14	23	12	24	25	1	25	24	12	23	14	22	21	20	17	19	15	13	
13	11	18	16	10	10	16	18	11	13	15	19	17	20	21	22	14	23	12	24	25	1	25	24	12	23	14	22	21	20	17	19	15	
15	13	11	18	16	10	10	16	18	11	13	15	19	17	20	21	22	14	23	12	24	25	1	25	24	12	23	14	22	21	20	17	19	
19	15	13	11	18	16	10	10	16	18	11	13	15	19	17	20	21	22	14	23	12	24	25	1	25	24	12	23	14	22	21	20	17	
17	19	15	13	11	18	16	10	10	16	18	11	13	15	19	17	20	21	22	14	23	12	24	25	1	25	24	12	23	14	22	21	20	
20	17	19	15	13	11	18	16	10	10	16	18	11	13	15	19	17	20	21	22	14	23	12	24	25	1	25	24	12	23	14	22	21	
21	20	17	19	15	13	11	18	16	10	10	16	18	11	13	15	19	17	20	21	22	14	23	12	24	25	1	25	24	12	23	14	22	
22	21	20	17	19	15	13	11	18	16	10	10	16	18	11	13	15	19	17	20	21	22	14	23	12	24	25	1	25	24	12	23	14	
14	22	21	20	17	19	15	13	11	18	16	10	10	16	18	11	13	15	19	17	20	21	22	14	23	12	24	25	1	25	24	12	23	
23	14	22	21	20	17	19	15	13	11	18	16	10	10	16	18	11	13	15	19	17	20	21	22	14	23	12	24	25	1	25	24	12	
12	23	14	22	21	20	17	19	15	13	11	18	16	10	10	16	18	11	13	15	19	17	20	21	22	14	23	12	24	25	1	25	24	
24	12	23	14	22	21	20	17	19	15	13	11	18	16	10	10	16	18	11	13	15	19	17	20	21	22	14	23	12	24	25	1	25	
25	24	12	23	14	22	21	20	17	19	15	13	11	18	16	10	10	16	18	11	13	15	19	17	20	21	22	14	23	12	24	25	1	
