1	1	1	1	1	1	1	1	1	1	1	1	1	1	1	1	1	1	1	1	1	1	1	1	1	1	1	1	1	1	1	1	1	1	1	1	1	
1	24	10	9	8	20	27	22	23	7	26	21	28	6	25	5	4	3	2	2	3	4	5	25	6	28	21	26	7	23	22	27	20	8	9	10	24	
24	1	24	10	9	8	20	27	22	23	7	26	21	28	6	25	5	4	3	2	2	3	4	5	25	6	28	21	26	7	23	22	27	20	8	9	10	
10	24	1	24	10	9	8	20	27	22	23	7	26	21	28	6	25	5	4	3	2	2	3	4	5	25	6	28	21	26	7	23	22	27	20	8	9	
9	10	24	1	24	10	9	8	20	27	22	23	7	26	21	28	6	25	5	4	3	2	2	3	4	5	25	6	28	21	26	7	23	22	27	20	8	
8	9	10	24	1	24	10	9	8	20	27	22	23	7	26	21	28	6	25	5	4	3	2	2	3	4	5	25	6	28	21	26	7	23	22	27	20	
20	8	9	10	24	1	24	10	9	8	20	27	22	23	7	26	21	28	6	25	5	4	3	2	2	3	4	5	25	6	28	21	26	7	23	22	27	
27	20	8	9	10	24	1	24	10	9	8	20	27	22	23	7	26	21	28	6	25	5	4	3	2	2	3	4	5	25	6	28	21	26	7	23	22	
22	27	20	8	9	10	24	1	24	10	9	8	20	27	22	23	7	26	21	28	6	25	5	4	3	2	2	3	4	5	25	6	28	21	26	7	23	
23	22	27	20	8	9	10	24	1	24	10	9	8	20	27	22	23	7	26	21	28	6	25	5	4	3	2	2	3	4	5	25	6	28	21	26	7	
7	23	22	27	20	8	9	10	24	1	24	10	9	8	20	27	22	23	7	26	21	28	6	25	5	4	3	2	2	3	4	5	25	6	28	21	26	
26	7	23	22	27	20	8	9	10	24	1	24	10	9	8	20	27	22	23	7	26	21	28	6	25	5	4	3	2	2	3	4	5	25	6	28	21	
21	26	7	23	22	27	20	8	9	10	24	1	24	10	9	8	20	27	22	23	7	26	21	28	6	25	5	4	3	2	2	3	4	5	25	6	28	
28	21	26	7	23	22	27	20	8	9	10	24	1	24	10	9	8	20	27	22	23	7	26	21	28	6	25	5	4	3	2	2	3	4	5	25	6	
6	28	21	26	7	23	22	27	20	8	9	10	24	1	24	10	9	8	20	27	22	23	7	26	21	28	6	25	5	4	3	2	2	3	4	5	25	
25	6	28	21	26	7	23	22	27	20	8	9	10	24	1	24	10	9	8	20	27	22	23	7	26	21	28	6	25	5	4	3	2	2	3	4	5	
5	25	6	28	21	26	7	23	22	27	20	8	9	10	24	1	24	10	9	8	20	27	22	23	7	26	21	28	6	25	5	4	3	2	2	3	4	
4	5	25	6	28	21	26	7	23	22	27	20	8	9	10	24	1	24	10	9	8	20	27	22	23	7	26	21	28	6	25	5	4	3	2	2	3	
3	4	5	25	6	28	21	26	7	23	22	27	20	8	9	10	24	1	24	10	9	8	20	27	22	23	7	26	21	28	6	25	5	4	3	2	2	
2	3	4	5	25	6	28	21	26	7	23	22	27	20	8	9	10	24	1	24	10	9	8	20	27	22	23	7	26	21	28	6	25	5	4	3	2	
2	2	3	4	5	25	6	28	21	26	7	23	22	27	20	8	9	10	24	1	24	10	9	8	20	27	22	23	7	26	21	28	6	25	5	4	3	
3	2	2	3	4	5	25	6	28	21	26	7	23	22	27	20	8	9	10	24	1	24	10	9	8	20	27	22	23	7	26	21	28	6	25	5	4	
4	3	2	2	3	4	5	25	6	28	21	26	7	23	22	27	20	8	9	10	24	1	24	10	9	8	20	27	22	23	7	26	21	28	6	25	5	
5	4	3	2	2	3	4	5	25	6	28	21	26	7	23	22	27	20	8	9	10	24	1	24	10	9	8	20	27	22	23	7	26	21	28	6	25	
25	5	4	3	2	2	3	4	5	25	6	28	21	26	7	23	22	27	20	8	9	10	24	1	24	10	9	8	20	27	22	23	7	26	21	28	6	
6	25	5	4	3	2	2	3	4	5	25	6	28	21	26	7	23	22	27	20	8	9	10	24	1	24	10	9	8	20	27	22	23	7	26	21	28	
28	6	25	5	4	3	2	2	3	4	5	25	6	28	21	26	7	23	22	27	20	8	9	10	24	1	24	10	9	8	20	27	22	23	7	26	21	
21	28	6	25	5	4	3	2	2	3	4	5	25	6	28	21	26	7	23	22	27	20	8	9	10	24	1	24	10	9	8	20	27	22	23	7	26	
26	21	28	6	25	5	4	3	2	2	3	4	5	25	6	28	21	26	7	23	22	27	20	8	9	10	24	1	24	10	9	8	20	27	22	23	7	
7	26	21	28	6	25	5	4	3	2	2	3	4	5	25	6	28	21	26	7	23	22	27	20	8	9	10	24	1	24	10	9	8	20	27	22	23	
23	7	26	21	28	6	25	5	4	3	2	2	3	4	5	25	6	28	21	26	7	23	22	27	20	8	9	10	24	1	24	10	9	8	20	27	22	
22	23	7	26	21	28	6	25	5	4	3	2	2	3	4	5	25	6	28	21	26	7	23	22	27	20	8	9	10	24	1	24	10	9	8	20	27	
27	22	23	7	26	21	28	6	25	5	4	3	2	2	3	4	5	25	6	28	21	26	7	23	22	27	20	8	9	10	24	1	24	10	9	8	20	
20	27	22	23	7	26	21	28	6	25	5	4	3	2	2	3	4	5	25	6	28	21	26	7	23	22	27	20	8	9	10	24	1	24	10	9	8	
8	20	27	22	23	7	26	21	28	6	25	5	4	3	2	2	3	4	5	25	6	28	21	26	7	23	22	27	20	8	9	10	24	1	24	10	9	
9	8	20	27	22	23	7	26	21	28	6	25	5	4	3	2	2	3	4	5	25	6	28	21	26	7	23	22	27	20	8	9	10	24	1	24	10	
10	9	8	20	27	22	23	7	26	21	28	6	25	5	4	3	2	2	3	4	5	25	6	28	21	26	7	23	22	27	20	8	9	10	24	1	24	
24	10	9	8	20	27	22	23	7	26	21	28	6	25	5	4	3	2	2	3	4	5	25	6	28	21	26	7	23	22	27	20	8	9	10	24	1	
1	19	7	18	17	6	16	15	14	13	5	12	4	9	3	10	11	2	8	8	2	11	10	3	9	4	12	5	13	14	15	16	6	17	18	7	19	
19	1	19	7	18	17	6	16	15	14	13	5	12	4	9	3	10	11	2	8	8	2	11	10	3	9	4	12	5	13	14	15	16	6	17	18	7	
7	19	1	19	7	18	17	6	16	15	14	13	5	12	4	9	3	10	11	2	8	8	2	11	10	3	9	4	12	5	13	14	15	16	6	17	18	
18	7	19	1	19	7	18	17	6	16	15	14	13	5	12	4	9	3	10	11	2	8	8	2	11	10	3	9	4	12	5	13	14	15	16	6	17	
17	18	7	19	1	19	7	18	17	6	16	15	14	13	5	12	4	9	3	10	11	2	8	8	2	11	10	3	9	4	12	5	13	14	15	16	6	
6	17	18	7	19	1	19	7	18	17	6	16	15	14	13	5	12	4	9	3	10	11	2	8	8	2	11	10	3	9	4	12	5	13	14	15	16	
16	6	17	18	7	19	1	19	7	18	17	6	16	15	14	13	5	12	4	9	3	10	11	2	8	8	2	11	10	3	9	4	12	5	13	14	15	
15	16	6	17	18	7	19	1	19	7	18	17	6	16	15	14	13	5	12	4	9	3	10	11	2	8	8	2	11	10	3	9	4	12	5	13	14	
14	15	16	6	17	18	7	19	1	19	7	18	17	6	16	15	14	13	5	12	4	9	3	10	11	2	8	8	2	11	10	3	9	4	12	5	13	
13	14	15	16	6	17	18	7	19	1	19	7	18	17	6	16	15	14	13	5	12	4	9	3	10	11	2	8	8	2	11	10	3	9	4	12	5	
5	13	14	15	16	6	17	18	7	19	1	19	7	18	17	6	16	15	14	13	5	12	4	9	3	10	11	2	8	8	2	11	10	3	9	4	12	
12	5	13	14	15	16	6	17	18	7	19	1	19	7	18	17	6	16	15	14	13	5	12	4	9	3	10	11	2	8	8	2	11	10	3	9	4	
4	12	5	13	14	15	16	6	17	18	7	19	1	19	7	18	17	6	16	15	14	13	5	12	4	9	3	10	11	2	8	8	2	11	10	3	9	
9	4	12	5	13	14	15	16	6	17	18	7	19	1	19	7	18	17	6	16	15	14	13	5	12	4	9	3	10	11	2	8	8	2	11	10	3	
3	9	4	12	5	13	14	15	16	6	17	18	7	19	1	19	7	18	17	6	16	15	14	13	5	12	4	9	3	10	11	2	8	8	2	11	10	
10	3	9	4	12	5	13	14	15	16	6	17	18	7	19	1	19	7	18	17	6	16	15	14	13	5	12	4	9	3	10	11	2	8	8	2	11	
11	10	3	9	4	12	5	13	14	15	16	6	17	18	7	19	1	19	7	18	17	6	16	15	14	13	5	12	4	9	3	10	11	2	8	8	2	
2	11	10	3	9	4	12	5	13	14	15	16	6	17	18	7	19	1	19	7	18	17	6	16	15	14	13	5	12	4	9	3	10	11	2	8	8	
8	2	11	10	3	9	4	12	5	13	14	15	16	6	17	18	7	19	1	19	7	18	17	6	16	15	14	13	5	12	4	9	3	10	11	2	8	
8	8	2	11	10	3	9	4	12	5	13	14	15	16	6	17	18	7	19	1	19	7	18	17	6	16	15	14	13	5	12	4	9	3	10	11	2	
2	8	8	2	11	10	3	9	4	12	5	13	14	15	16	6	17	18	7	19	1	19	7	18	17	6	16	15	14	13	5	12	4	9	3	10	11	
11	2	8	8	2	11	10	3	9	4	12	5	13	14	15	16	6	17	18	7	19	1	19	7	18	17	6	16	15	14	13	5	12	4	9	3	10	
10	11	2	8	8	2	11	10	3	9	4	12	5	13	14	15	16	6	17	18	7	19	1	19	7	18	17	6	16	15	14	13	5	12	4	9	3	
3	10	11	2	8	8	2	11	10	3	9	4	12	5	13	14	15	16	6	17	18	7	19	1	19	7	18	17	6	16	15	14	13	5	12	4	9	
9	3	10	11	2	8	8	2	11	10	3	9	4	12	5	13	14	15	16	6	17	18	7	19	1	19	7	18	17	6	16	15	14	13	5	12	4	
4	9	3	10	11	2	8	8	2	11	10	3	9	4	12	5	13	14	15	16	6	17	18	7	19	1	19	7	18	17	6	16	15	14	13	5	12	
12	4	9	3	10	11	2	8	8	2	11	10	3	9	4	12	5	13	14	15	16	6	17	18	7	19	1	19	7	18	17	6	16	15	14	13	5	
5	12	4	9	3	10	11	2	8	8	2	11	10	3	9	4	12	5	13	14	15	16	6	17	18	7	19	1	19	7	18	17	6	16	15	14	13	
13	5	12	4	9	3	10	11	2	8	8	2	11	10	3	9	4	12	5	13	14	15	16	6	17	18	7	19	1	19	7	18	17	6	16	15	14	
14	13	5	12	4	9	3	10	11	2	8	8	2	11	10	3	9	4	12	5	13	14	15	16	6	17	18	7	19	1	19	7	18	17	6	16	15	
15	14	13	5	12	4	9	3	10	11	2	8	8	2	11	10	3	9	4	12	5	13	14	15	16	6	17	18	7	19	1	19	7	18	17	6	16	
16	15	14	13	5	12	4	9	3	10	11	2	8	8	2	11	10	3	9	4	12	5	13	14	15	16	6	17	18	7	19	1	19	7	18	17	6	
6	16	15	14	13	5	12	4	9	3	10	11	2	8	8	2	11	10	3	9	4	12	5	13	14	15	16	6	17	18	7	19	1	19	7	18	17	
17	6	16	15	14	13	5	12	4	9	3	10	11	2	8	8	2	11	10	3	9	4	12	5	13	14	15	16	6	17	18	7	19	1	19	7	18	
18	17	6	16	15	14	13	5	12	4	9	3	10	11	2	8	8	2	11	10	3	9	4	12	5	13	14	15	16	6	17	18	7	19	1	19	7	
7	18	17	6	16	15	14	13	5	12	4	9	3	10	11	2	8	8	2	11	10	3	9	4	12	5	13	14	15	16	6	17	18	7	19	1	19	
19	7	18	17	6	16	15	14	13	5	12	4	9	3	10	11	2	8	8	2	11	10	3	9	4	12	5	13	14	15	16	6	17	18	7	19	1	
1	28	27	14	26	25	24	23	13	22	18	15	17	19	21	20	16	12	11	11	12	16	20	21	19	17	15	18	22	13	23	24	25	26	14	27	28	
28	1	28	27	14	26	25	24	23	13	22	18	15	17	19	21	20	16	12	11	11	12	16	20	21	19	17	15	18	22	13	23	24	25	26	14	27	
27	28	1	28	27	14	26	25	24	23	13	22	18	15	17	19	21	20	16	12	11	11	12	16	20	21	19	17	15	18	22	13	23	24	25	26	14	
14	27	28	1	28	27	14	26	25	24	23	13	22	18	15	17	19	21	20	16	12	11	11	12	16	20	21	19	17	15	18	22	13	23	24	25	26	
26	14	27	28	1	28	27	14	26	25	24	23	13	22	18	15	17	19	21	20	16	12	11	11	12	16	20	21	19	17	15	18	22	13	23	24	25	
25	26	14	27	28	1	28	27	14	26	25	24	23	13	22	18	15	17	19	21	20	16	12	11	11	12	16	20	21	19	17	15	18	22	13	23	24	
24	25	26	14	27	28	1	28	27	14	26	25	24	23	13	22	18	15	17	19	21	20	16	12	11	11	12	16	20	21	19	17	15	18	22	13	23	
23	24	25	26	14	27	28	1	28	27	14	26	25	24	23	13	22	18	15	17	19	21	20	16	12	11	11	12	16	20	21	19	17	15	18	22	13	
13	23	24	25	26	14	27	28	1	28	27	14	26	25	24	23	13	22	18	15	17	19	21	20	16	12	11	11	12	16	20	21	19	17	15	18	22	
22	13	23	24	25	26	14	27	28	1	28	27	14	26	25	24	23	13	22	18	15	17	19	21	20	16	12	11	11	12	16	20	21	19	17	15	18	
18	22	13	23	24	25	26	14	27	28	1	28	27	14	26	25	24	23	13	22	18	15	17	19	21	20	16	12	11	11	12	16	20	21	19	17	15	
15	18	22	13	23	24	25	26	14	27	28	1	28	27	14	26	25	24	23	13	22	18	15	17	19	21	20	16	12	11	11	12	16	20	21	19	17	
17	15	18	22	13	23	24	25	26	14	27	28	1	28	27	14	26	25	24	23	13	22	18	15	17	19	21	20	16	12	11	11	12	16	20	21	19	
19	17	15	18	22	13	23	24	25	26	14	27	28	1	28	27	14	26	25	24	23	13	22	18	15	17	19	21	20	16	12	11	11	12	16	20	21	
21	19	17	15	18	22	13	23	24	25	26	14	27	28	1	28	27	14	26	25	24	23	13	22	18	15	17	19	21	20	16	12	11	11	12	16	20	
20	21	19	17	15	18	22	13	23	24	25	26	14	27	28	1	28	27	14	26	25	24	23	13	22	18	15	17	19	21	20	16	12	11	11	12	16	
16	20	21	19	17	15	18	22	13	23	24	25	26	14	27	28	1	28	27	14	26	25	24	23	13	22	18	15	17	19	21	20	16	12	11	11	12	
12	16	20	21	19	17	15	18	22	13	23	24	25	26	14	27	28	1	28	27	14	26	25	24	23	13	22	18	15	17	19	21	20	16	12	11	11	
11	12	16	20	21	19	17	15	18	22	13	23	24	25	26	14	27	28	1	28	27	14	26	25	24	23	13	22	18	15	17	19	21	20	16	12	11	
11	11	12	16	20	21	19	17	15	18	22	13	23	24	25	26	14	27	28	1	28	27	14	26	25	24	23	13	22	18	15	17	19	21	20	16	12	
12	11	11	12	16	20	21	19	17	15	18	22	13	23	24	25	26	14	27	28	1	28	27	14	26	25	24	23	13	22	18	15	17	19	21	20	16	
16	12	11	11	12	16	20	21	19	17	15	18	22	13	23	24	25	26	14	27	28	1	28	27	14	26	25	24	23	13	22	18	15	17	19	21	20	
20	16	12	11	11	12	16	20	21	19	17	15	18	22	13	23	24	25	26	14	27	28	1	28	27	14	26	25	24	23	13	22	18	15	17	19	21	
21	20	16	12	11	11	12	16	20	21	19	17	15	18	22	13	23	24	25	26	14	27	28	1	28	27	14	26	25	24	23	13	22	18	15	17	19	
19	21	20	16	12	11	11	12	16	20	21	19	17	15	18	22	13	23	24	25	26	14	27	28	1	28	27	14	26	25	24	23	13	22	18	15	17	
17	19	21	20	16	12	11	11	12	16	20	21	19	17	15	18	22	13	23	24	25	26	14	27	28	1	28	27	14	26	25	24	23	13	22	18	15	
15	17	19	21	20	16	12	11	11	12	16	20	21	19	17	15	18	22	13	23	24	25	26	14	27	28	1	28	27	14	26	25	24	23	13	22	18	
18	15	17	19	21	20	16	12	11	11	12	16	20	21	19	17	15	18	22	13	23	24	25	26	14	27	28	1	28	27	14	26	25	24	23	13	22	
22	18	15	17	19	21	20	16	12	11	11	12	16	20	21	19	17	15	18	22	13	23	24	25	26	14	27	28	1	28	27	14	26	25	24	23	13	
13	22	18	15	17	19	21	20	16	12	11	11	12	16	20	21	19	17	15	18	22	13	23	24	25	26	14	27	28	1	28	27	14	26	25	24	23	
23	13	22	18	15	17	19	21	20	16	12	11	11	12	16	20	21	19	17	15	18	22	13	23	24	25	26	14	27	28	1	28	27	14	26	25	24	
24	23	13	22	18	15	17	19	21	20	16	12	11	11	12	16	20	21	19	17	15	18	22	13	23	24	25	26	14	27	28	1	28	27	14	26	25	
25	24	23	13	22	18	15	17	19	21	20	16	12	11	11	12	16	20	21	19	17	15	18	22	13	23	24	25	26	14	27	28	1	28	27	14	26	
26	25	24	23	13	22	18	15	17	19	21	20	16	12	11	11	12	16	20	21	19	17	15	18	22	13	23	24	25	26	14	27	28	1	28	27	14	
14	26	25	24	23	13	22	18	15	17	19	21	20	16	12	11	11	12	16	20	21	19	17	15	18	22	13	23	24	25	26	14	27	28	1	28	27	
27	14	26	25	24	23	13	22	18	15	17	19	21	20	16	12	11	11	12	16	20	21	19	17	15	18	22	13	23	24	25	26	14	27	28	1	28	
28	27	14	26	25	24	23	13	22	18	15	17	19	21	20	16	12	11	11	12	16	20	21	19	17	15	18	22	13	23	24	25	26	14	27	28	1	
