1	1	1	1	1	1	1	1	1	1	1	1	1	1	1	1	1	1	1	1	1	1	1	1	1	1	1	1	1	1	1	1	1	1	1	1	1	1	1	1	1	
1	11	22	10	30	9	8	28	25	31	7	6	29	5	26	24	23	27	4	3	2	2	3	4	27	23	24	26	5	29	6	7	31	25	28	8	9	30	10	22	11	
11	1	11	22	10	30	9	8	28	25	31	7	6	29	5	26	24	23	27	4	3	2	2	3	4	27	23	24	26	5	29	6	7	31	25	28	8	9	30	10	22	
22	11	1	11	22	10	30	9	8	28	25	31	7	6	29	5	26	24	23	27	4	3	2	2	3	4	27	23	24	26	5	29	6	7	31	25	28	8	9	30	10	
10	22	11	1	11	22	10	30	9	8	28	25	31	7	6	29	5	26	24	23	27	4	3	2	2	3	4	27	23	24	26	5	29	6	7	31	25	28	8	9	30	
30	10	22	11	1	11	22	10	30	9	8	28	25	31	7	6	29	5	26	24	23	27	4	3	2	2	3	4	27	23	24	26	5	29	6	7	31	25	28	8	9	
9	30	10	22	11	1	11	22	10	30	9	8	28	25	31	7	6	29	5	26	24	23	27	4	3	2	2	3	4	27	23	24	26	5	29	6	7	31	25	28	8	
8	9	30	10	22	11	1	11	22	10	30	9	8	28	25	31	7	6	29	5	26	24	23	27	4	3	2	2	3	4	27	23	24	26	5	29	6	7	31	25	28	
28	8	9	30	10	22	11	1	11	22	10	30	9	8	28	25	31	7	6	29	5	26	24	23	27	4	3	2	2	3	4	27	23	24	26	5	29	6	7	31	25	
25	28	8	9	30	10	22	11	1	11	22	10	30	9	8	28	25	31	7	6	29	5	26	24	23	27	4	3	2	2	3	4	27	23	24	26	5	29	6	7	31	
31	25	28	8	9	30	10	22	11	1	11	22	10	30	9	8	28	25	31	7	6	29	5	26	24	23	27	4	3	2	2	3	4	27	23	24	26	5	29	6	7	
7	31	25	28	8	9	30	10	22	11	1	11	22	10	30	9	8	28	25	31	7	6	29	5	26	24	23	27	4	3	2	2	3	4	27	23	24	26	5	29	6	
6	7	31	25	28	8	9	30	10	22	11	1	11	22	10	30	9	8	28	25	31	7	6	29	5	26	24	23	27	4	3	2	2	3	4	27	23	24	26	5	29	
29	6	7	31	25	28	8	9	30	10	22	11	1	11	22	10	30	9	8	28	25	31	7	6	29	5	26	24	23	27	4	3	2	2	3	4	27	23	24	26	5	
5	29	6	7	31	25	28	8	9	30	10	22	11	1	11	22	10	30	9	8	28	25	31	7	6	29	5	26	24	23	27	4	3	2	2	3	4	27	23	24	26	
26	5	29	6	7	31	25	28	8	9	30	10	22	11	1	11	22	10	30	9	8	28	25	31	7	6	29	5	26	24	23	27	4	3	2	2	3	4	27	23	24	
24	26	5	29	6	7	31	25	28	8	9	30	10	22	11	1	11	22	10	30	9	8	28	25	31	7	6	29	5	26	24	23	27	4	3	2	2	3	4	27	23	
23	24	26	5	29	6	7	31	25	28	8	9	30	10	22	11	1	11	22	10	30	9	8	28	25	31	7	6	29	5	26	24	23	27	4	3	2	2	3	4	27	
27	23	24	26	5	29	6	7	31	25	28	8	9	30	10	22	11	1	11	22	10	30	9	8	28	25	31	7	6	29	5	26	24	23	27	4	3	2	2	3	4	
4	27	23	24	26	5	29	6	7	31	25	28	8	9	30	10	22	11	1	11	22	10	30	9	8	28	25	31	7	6	29	5	26	24	23	27	4	3	2	2	3	
3	4	27	23	24	26	5	29	6	7	31	25	28	8	9	30	10	22	11	1	11	22	10	30	9	8	28	25	31	7	6	29	5	26	24	23	27	4	3	2	2	
2	3	4	27	23	24	26	5	29	6	7	31	25	28	8	9	30	10	22	11	1	11	22	10	30	9	8	28	25	31	7	6	29	5	26	24	23	27	4	3	2	
2	2	3	4	27	23	24	26	5	29	6	7	31	25	28	8	9	30	10	22	11	1	11	22	10	30	9	8	28	25	31	7	6	29	5	26	24	23	27	4	3	
3	2	2	3	4	27	23	24	26	5	29	6	7	31	25	28	8	9	30	10	22	11	1	11	22	10	30	9	8	28	25	31	7	6	29	5	26	24	23	27	4	
4	3	2	2	3	4	27	23	24	26	5	29	6	7	31	25	28	8	9	30	10	22	11	1	11	22	10	30	9	8	28	25	31	7	6	29	5	26	24	23	27	
27	4	3	2	2	3	4	27	23	24	26	5	29	6	7	31	25	28	8	9	30	10	22	11	1	11	22	10	30	9	8	28	25	31	7	6	29	5	26	24	23	
23	27	4	3	2	2	3	4	27	23	24	26	5	29	6	7	31	25	28	8	9	30	10	22	11	1	11	22	10	30	9	8	28	25	31	7	6	29	5	26	24	
24	23	27	4	3	2	2	3	4	27	23	24	26	5	29	6	7	31	25	28	8	9	30	10	22	11	1	11	22	10	30	9	8	28	25	31	7	6	29	5	26	
26	24	23	27	4	3	2	2	3	4	27	23	24	26	5	29	6	7	31	25	28	8	9	30	10	22	11	1	11	22	10	30	9	8	28	25	31	7	6	29	5	
5	26	24	23	27	4	3	2	2	3	4	27	23	24	26	5	29	6	7	31	25	28	8	9	30	10	22	11	1	11	22	10	30	9	8	28	25	31	7	6	29	
29	5	26	24	23	27	4	3	2	2	3	4	27	23	24	26	5	29	6	7	31	25	28	8	9	30	10	22	11	1	11	22	10	30	9	8	28	25	31	7	6	
6	29	5	26	24	23	27	4	3	2	2	3	4	27	23	24	26	5	29	6	7	31	25	28	8	9	30	10	22	11	1	11	22	10	30	9	8	28	25	31	7	
7	6	29	5	26	24	23	27	4	3	2	2	3	4	27	23	24	26	5	29	6	7	31	25	28	8	9	30	10	22	11	1	11	22	10	30	9	8	28	25	31	
31	7	6	29	5	26	24	23	27	4	3	2	2	3	4	27	23	24	26	5	29	6	7	31	25	28	8	9	30	10	22	11	1	11	22	10	30	9	8	28	25	
25	31	7	6	29	5	26	24	23	27	4	3	2	2	3	4	27	23	24	26	5	29	6	7	31	25	28	8	9	30	10	22	11	1	11	22	10	30	9	8	28	
28	25	31	7	6	29	5	26	24	23	27	4	3	2	2	3	4	27	23	24	26	5	29	6	7	31	25	28	8	9	30	10	22	11	1	11	22	10	30	9	8	
8	28	25	31	7	6	29	5	26	24	23	27	4	3	2	2	3	4	27	23	24	26	5	29	6	7	31	25	28	8	9	30	10	22	11	1	11	22	10	30	9	
9	8	28	25	31	7	6	29	5	26	24	23	27	4	3	2	2	3	4	27	23	24	26	5	29	6	7	31	25	28	8	9	30	10	22	11	1	11	22	10	30	
30	9	8	28	25	31	7	6	29	5	26	24	23	27	4	3	2	2	3	4	27	23	24	26	5	29	6	7	31	25	28	8	9	30	10	22	11	1	11	22	10	
10	30	9	8	28	25	31	7	6	29	5	26	24	23	27	4	3	2	2	3	4	27	23	24	26	5	29	6	7	31	25	28	8	9	30	10	22	11	1	11	22	
22	10	30	9	8	28	25	31	7	6	29	5	26	24	23	27	4	3	2	2	3	4	27	23	24	26	5	29	6	7	31	25	28	8	9	30	10	22	11	1	11	
11	22	10	30	9	8	28	25	31	7	6	29	5	26	24	23	27	4	3	2	2	3	4	27	23	24	26	5	29	6	7	31	25	28	8	9	30	10	22	11	1	
1	6	21	7	20	19	18	17	5	16	15	10	14	13	4	12	3	8	11	2	9	9	2	11	8	3	12	4	13	14	10	15	16	5	17	18	19	20	7	21	6	
6	1	6	21	7	20	19	18	17	5	16	15	10	14	13	4	12	3	8	11	2	9	9	2	11	8	3	12	4	13	14	10	15	16	5	17	18	19	20	7	21	
21	6	1	6	21	7	20	19	18	17	5	16	15	10	14	13	4	12	3	8	11	2	9	9	2	11	8	3	12	4	13	14	10	15	16	5	17	18	19	20	7	
7	21	6	1	6	21	7	20	19	18	17	5	16	15	10	14	13	4	12	3	8	11	2	9	9	2	11	8	3	12	4	13	14	10	15	16	5	17	18	19	20	
20	7	21	6	1	6	21	7	20	19	18	17	5	16	15	10	14	13	4	12	3	8	11	2	9	9	2	11	8	3	12	4	13	14	10	15	16	5	17	18	19	
19	20	7	21	6	1	6	21	7	20	19	18	17	5	16	15	10	14	13	4	12	3	8	11	2	9	9	2	11	8	3	12	4	13	14	10	15	16	5	17	18	
18	19	20	7	21	6	1	6	21	7	20	19	18	17	5	16	15	10	14	13	4	12	3	8	11	2	9	9	2	11	8	3	12	4	13	14	10	15	16	5	17	
17	18	19	20	7	21	6	1	6	21	7	20	19	18	17	5	16	15	10	14	13	4	12	3	8	11	2	9	9	2	11	8	3	12	4	13	14	10	15	16	5	
5	17	18	19	20	7	21	6	1	6	21	7	20	19	18	17	5	16	15	10	14	13	4	12	3	8	11	2	9	9	2	11	8	3	12	4	13	14	10	15	16	
16	5	17	18	19	20	7	21	6	1	6	21	7	20	19	18	17	5	16	15	10	14	13	4	12	3	8	11	2	9	9	2	11	8	3	12	4	13	14	10	15	
15	16	5	17	18	19	20	7	21	6	1	6	21	7	20	19	18	17	5	16	15	10	14	13	4	12	3	8	11	2	9	9	2	11	8	3	12	4	13	14	10	
10	15	16	5	17	18	19	20	7	21	6	1	6	21	7	20	19	18	17	5	16	15	10	14	13	4	12	3	8	11	2	9	9	2	11	8	3	12	4	13	14	
14	10	15	16	5	17	18	19	20	7	21	6	1	6	21	7	20	19	18	17	5	16	15	10	14	13	4	12	3	8	11	2	9	9	2	11	8	3	12	4	13	
13	14	10	15	16	5	17	18	19	20	7	21	6	1	6	21	7	20	19	18	17	5	16	15	10	14	13	4	12	3	8	11	2	9	9	2	11	8	3	12	4	
4	13	14	10	15	16	5	17	18	19	20	7	21	6	1	6	21	7	20	19	18	17	5	16	15	10	14	13	4	12	3	8	11	2	9	9	2	11	8	3	12	
12	4	13	14	10	15	16	5	17	18	19	20	7	21	6	1	6	21	7	20	19	18	17	5	16	15	10	14	13	4	12	3	8	11	2	9	9	2	11	8	3	
3	12	4	13	14	10	15	16	5	17	18	19	20	7	21	6	1	6	21	7	20	19	18	17	5	16	15	10	14	13	4	12	3	8	11	2	9	9	2	11	8	
8	3	12	4	13	14	10	15	16	5	17	18	19	20	7	21	6	1	6	21	7	20	19	18	17	5	16	15	10	14	13	4	12	3	8	11	2	9	9	2	11	
11	8	3	12	4	13	14	10	15	16	5	17	18	19	20	7	21	6	1	6	21	7	20	19	18	17	5	16	15	10	14	13	4	12	3	8	11	2	9	9	2	
2	11	8	3	12	4	13	14	10	15	16	5	17	18	19	20	7	21	6	1	6	21	7	20	19	18	17	5	16	15	10	14	13	4	12	3	8	11	2	9	9	
9	2	11	8	3	12	4	13	14	10	15	16	5	17	18	19	20	7	21	6	1	6	21	7	20	19	18	17	5	16	15	10	14	13	4	12	3	8	11	2	9	
9	9	2	11	8	3	12	4	13	14	10	15	16	5	17	18	19	20	7	21	6	1	6	21	7	20	19	18	17	5	16	15	10	14	13	4	12	3	8	11	2	
2	9	9	2	11	8	3	12	4	13	14	10	15	16	5	17	18	19	20	7	21	6	1	6	21	7	20	19	18	17	5	16	15	10	14	13	4	12	3	8	11	
11	2	9	9	2	11	8	3	12	4	13	14	10	15	16	5	17	18	19	20	7	21	6	1	6	21	7	20	19	18	17	5	16	15	10	14	13	4	12	3	8	
8	11	2	9	9	2	11	8	3	12	4	13	14	10	15	16	5	17	18	19	20	7	21	6	1	6	21	7	20	19	18	17	5	16	15	10	14	13	4	12	3	
3	8	11	2	9	9	2	11	8	3	12	4	13	14	10	15	16	5	17	18	19	20	7	21	6	1	6	21	7	20	19	18	17	5	16	15	10	14	13	4	12	
12	3	8	11	2	9	9	2	11	8	3	12	4	13	14	10	15	16	5	17	18	19	20	7	21	6	1	6	21	7	20	19	18	17	5	16	15	10	14	13	4	
4	12	3	8	11	2	9	9	2	11	8	3	12	4	13	14	10	15	16	5	17	18	19	20	7	21	6	1	6	21	7	20	19	18	17	5	16	15	10	14	13	
13	4	12	3	8	11	2	9	9	2	11	8	3	12	4	13	14	10	15	16	5	17	18	19	20	7	21	6	1	6	21	7	20	19	18	17	5	16	15	10	14	
14	13	4	12	3	8	11	2	9	9	2	11	8	3	12	4	13	14	10	15	16	5	17	18	19	20	7	21	6	1	6	21	7	20	19	18	17	5	16	15	10	
10	14	13	4	12	3	8	11	2	9	9	2	11	8	3	12	4	13	14	10	15	16	5	17	18	19	20	7	21	6	1	6	21	7	20	19	18	17	5	16	15	
15	10	14	13	4	12	3	8	11	2	9	9	2	11	8	3	12	4	13	14	10	15	16	5	17	18	19	20	7	21	6	1	6	21	7	20	19	18	17	5	16	
16	15	10	14	13	4	12	3	8	11	2	9	9	2	11	8	3	12	4	13	14	10	15	16	5	17	18	19	20	7	21	6	1	6	21	7	20	19	18	17	5	
5	16	15	10	14	13	4	12	3	8	11	2	9	9	2	11	8	3	12	4	13	14	10	15	16	5	17	18	19	20	7	21	6	1	6	21	7	20	19	18	17	
17	5	16	15	10	14	13	4	12	3	8	11	2	9	9	2	11	8	3	12	4	13	14	10	15	16	5	17	18	19	20	7	21	6	1	6	21	7	20	19	18	
18	17	5	16	15	10	14	13	4	12	3	8	11	2	9	9	2	11	8	3	12	4	13	14	10	15	16	5	17	18	19	20	7	21	6	1	6	21	7	20	19	
19	18	17	5	16	15	10	14	13	4	12	3	8	11	2	9	9	2	11	8	3	12	4	13	14	10	15	16	5	17	18	19	20	7	21	6	1	6	21	7	20	
20	19	18	17	5	16	15	10	14	13	4	12	3	8	11	2	9	9	2	11	8	3	12	4	13	14	10	15	16	5	17	18	19	20	7	21	6	1	6	21	7	
7	20	19	18	17	5	16	15	10	14	13	4	12	3	8	11	2	9	9	2	11	8	3	12	4	13	14	10	15	16	5	17	18	19	20	7	21	6	1	6	21	
21	7	20	19	18	17	5	16	15	10	14	13	4	12	3	8	11	2	9	9	2	11	8	3	12	4	13	14	10	15	16	5	17	18	19	20	7	21	6	1	6	
6	21	7	20	19	18	17	5	16	15	10	14	13	4	12	3	8	11	2	9	9	2	11	8	3	12	4	13	14	10	15	16	5	17	18	19	20	7	21	6	1	
1	31	30	29	28	27	16	26	18	25	24	15	23	20	21	17	22	13	19	14	12	12	14	19	13	22	17	21	20	23	15	24	25	18	26	16	27	28	29	30	31	
31	1	31	30	29	28	27	16	26	18	25	24	15	23	20	21	17	22	13	19	14	12	12	14	19	13	22	17	21	20	23	15	24	25	18	26	16	27	28	29	30	
30	31	1	31	30	29	28	27	16	26	18	25	24	15	23	20	21	17	22	13	19	14	12	12	14	19	13	22	17	21	20	23	15	24	25	18	26	16	27	28	29	
29	30	31	1	31	30	29	28	27	16	26	18	25	24	15	23	20	21	17	22	13	19	14	12	12	14	19	13	22	17	21	20	23	15	24	25	18	26	16	27	28	
28	29	30	31	1	31	30	29	28	27	16	26	18	25	24	15	23	20	21	17	22	13	19	14	12	12	14	19	13	22	17	21	20	23	15	24	25	18	26	16	27	
27	28	29	30	31	1	31	30	29	28	27	16	26	18	25	24	15	23	20	21	17	22	13	19	14	12	12	14	19	13	22	17	21	20	23	15	24	25	18	26	16	
16	27	28	29	30	31	1	31	30	29	28	27	16	26	18	25	24	15	23	20	21	17	22	13	19	14	12	12	14	19	13	22	17	21	20	23	15	24	25	18	26	
26	16	27	28	29	30	31	1	31	30	29	28	27	16	26	18	25	24	15	23	20	21	17	22	13	19	14	12	12	14	19	13	22	17	21	20	23	15	24	25	18	
18	26	16	27	28	29	30	31	1	31	30	29	28	27	16	26	18	25	24	15	23	20	21	17	22	13	19	14	12	12	14	19	13	22	17	21	20	23	15	24	25	
25	18	26	16	27	28	29	30	31	1	31	30	29	28	27	16	26	18	25	24	15	23	20	21	17	22	13	19	14	12	12	14	19	13	22	17	21	20	23	15	24	
24	25	18	26	16	27	28	29	30	31	1	31	30	29	28	27	16	26	18	25	24	15	23	20	21	17	22	13	19	14	12	12	14	19	13	22	17	21	20	23	15	
15	24	25	18	26	16	27	28	29	30	31	1	31	30	29	28	27	16	26	18	25	24	15	23	20	21	17	22	13	19	14	12	12	14	19	13	22	17	21	20	23	
23	15	24	25	18	26	16	27	28	29	30	31	1	31	30	29	28	27	16	26	18	25	24	15	23	20	21	17	22	13	19	14	12	12	14	19	13	22	17	21	20	
20	23	15	24	25	18	26	16	27	28	29	30	31	1	31	30	29	28	27	16	26	18	25	24	15	23	20	21	17	22	13	19	14	12	12	14	19	13	22	17	21	
21	20	23	15	24	25	18	26	16	27	28	29	30	31	1	31	30	29	28	27	16	26	18	25	24	15	23	20	21	17	22	13	19	14	12	12	14	19	13	22	17	
17	21	20	23	15	24	25	18	26	16	27	28	29	30	31	1	31	30	29	28	27	16	26	18	25	24	15	23	20	21	17	22	13	19	14	12	12	14	19	13	22	
22	17	21	20	23	15	24	25	18	26	16	27	28	29	30	31	1	31	30	29	28	27	16	26	18	25	24	15	23	20	21	17	22	13	19	14	12	12	14	19	13	
13	22	17	21	20	23	15	24	25	18	26	16	27	28	29	30	31	1	31	30	29	28	27	16	26	18	25	24	15	23	20	21	17	22	13	19	14	12	12	14	19	
19	13	22	17	21	20	23	15	24	25	18	26	16	27	28	29	30	31	1	31	30	29	28	27	16	26	18	25	24	15	23	20	21	17	22	13	19	14	12	12	14	
14	19	13	22	17	21	20	23	15	24	25	18	26	16	27	28	29	30	31	1	31	30	29	28	27	16	26	18	25	24	15	23	20	21	17	22	13	19	14	12	12	
12	14	19	13	22	17	21	20	23	15	24	25	18	26	16	27	28	29	30	31	1	31	30	29	28	27	16	26	18	25	24	15	23	20	21	17	22	13	19	14	12	
12	12	14	19	13	22	17	21	20	23	15	24	25	18	26	16	27	28	29	30	31	1	31	30	29	28	27	16	26	18	25	24	15	23	20	21	17	22	13	19	14	
14	12	12	14	19	13	22	17	21	20	23	15	24	25	18	26	16	27	28	29	30	31	1	31	30	29	28	27	16	26	18	25	24	15	23	20	21	17	22	13	19	
19	14	12	12	14	19	13	22	17	21	20	23	15	24	25	18	26	16	27	28	29	30	31	1	31	30	29	28	27	16	26	18	25	24	15	23	20	21	17	22	13	
13	19	14	12	12	14	19	13	22	17	21	20	23	15	24	25	18	26	16	27	28	29	30	31	1	31	30	29	28	27	16	26	18	25	24	15	23	20	21	17	22	
22	13	19	14	12	12	14	19	13	22	17	21	20	23	15	24	25	18	26	16	27	28	29	30	31	1	31	30	29	28	27	16	26	18	25	24	15	23	20	21	17	
17	22	13	19	14	12	12	14	19	13	22	17	21	20	23	15	24	25	18	26	16	27	28	29	30	31	1	31	30	29	28	27	16	26	18	25	24	15	23	20	21	
21	17	22	13	19	14	12	12	14	19	13	22	17	21	20	23	15	24	25	18	26	16	27	28	29	30	31	1	31	30	29	28	27	16	26	18	25	24	15	23	20	
20	21	17	22	13	19	14	12	12	14	19	13	22	17	21	20	23	15	24	25	18	26	16	27	28	29	30	31	1	31	30	29	28	27	16	26	18	25	24	15	23	
23	20	21	17	22	13	19	14	12	12	14	19	13	22	17	21	20	23	15	24	25	18	26	16	27	28	29	30	31	1	31	30	29	28	27	16	26	18	25	24	15	
15	23	20	21	17	22	13	19	14	12	12	14	19	13	22	17	21	20	23	15	24	25	18	26	16	27	28	29	30	31	1	31	30	29	28	27	16	26	18	25	24	
24	15	23	20	21	17	22	13	19	14	12	12	14	19	13	22	17	21	20	23	15	24	25	18	26	16	27	28	29	30	31	1	31	30	29	28	27	16	26	18	25	
25	24	15	23	20	21	17	22	13	19	14	12	12	14	19	13	22	17	21	20	23	15	24	25	18	26	16	27	28	29	30	31	1	31	30	29	28	27	16	26	18	
18	25	24	15	23	20	21	17	22	13	19	14	12	12	14	19	13	22	17	21	20	23	15	24	25	18	26	16	27	28	29	30	31	1	31	30	29	28	27	16	26	
26	18	25	24	15	23	20	21	17	22	13	19	14	12	12	14	19	13	22	17	21	20	23	15	24	25	18	26	16	27	28	29	30	31	1	31	30	29	28	27	16	
16	26	18	25	24	15	23	20	21	17	22	13	19	14	12	12	14	19	13	22	17	21	20	23	15	24	25	18	26	16	27	28	29	30	31	1	31	30	29	28	27	
27	16	26	18	25	24	15	23	20	21	17	22	13	19	14	12	12	14	19	13	22	17	21	20	23	15	24	25	18	26	16	27	28	29	30	31	1	31	30	29	28	
28	27	16	26	18	25	24	15	23	20	21	17	22	13	19	14	12	12	14	19	13	22	17	21	20	23	15	24	25	18	26	16	27	28	29	30	31	1	31	30	29	
29	28	27	16	26	18	25	24	15	23	20	21	17	22	13	19	14	12	12	14	19	13	22	17	21	20	23	15	24	25	18	26	16	27	28	29	30	31	1	31	30	
30	29	28	27	16	26	18	25	24	15	23	20	21	17	22	13	19	14	12	12	14	19	13	22	17	21	20	23	15	24	25	18	26	16	27	28	29	30	31	1	31	
31	30	29	28	27	16	26	18	25	24	15	23	20	21	17	22	13	19	14	12	12	14	19	13	22	17	21	20	23	15	24	25	18	26	16	27	28	29	30	31	1	
